function rgb = skin

% returns a predefined color as [red green blue] values
%
% black        = [  0   0   0]/255;
% blue         = [  0   0 255]/255;
% cortex       = [255 213 119]/255;
% cortex_dark  = [100  97  85]/255;
% cortex_light = [199 194 169]/255;
% green        = [  0 192   0]/255;
% skull        = [140  85  85]/255
% red          = [255   0   0]/255;
% skin         = [255 213 119]/255;
% white        = [255 255 255]/255;
% yellow       = [255 255   0]/255;

% see http://www.color-hex.com/color-palette/737

rgb = [255 224 189]/255;

